APPROX_POSITION£º  -2279828.8823,   5004706.5099,   3219777.4476  (m)
PRN,s:, Satposition(X),   Satposition(Y),   Satposition(Z),      Sat Clock(m),   Elevation(¡ã),             CL(m),       Trop Delay(m)
Satellite Number:  9,  GPS time£º  91290
G13,   -26011975.5963 ,    4946791.1639 ,    2784467.0197 ,       14191.1288 ,        20.2338 ,    23721995.4841 ,       6.6085 
G12,    12099906.8650 ,   10680054.9108 ,   21091446.0995 ,       52656.3077 ,        20.7931 ,    23577501.7501 ,       6.4416 
G05,     3621947.3009 ,   24163148.9704 ,  -10259958.2030 ,     -118312.6636 ,        14.5462 ,    24275748.8131 ,       9.0192 
G23,   -23114092.4660 ,   -1661435.3225 ,   13425989.3133 ,        5744.5129 ,        17.8449 ,    24132805.4221 ,       7.4379 
G17,   -17462543.8990 ,   15236558.7033 ,   12992861.2071 ,      -15738.4581 ,        62.4853 ,    20769487.8981 ,       2.5998 
G04,    -4647824.8989 ,   15656305.6127 ,   20597530.9039 ,        1324.8361 ,        61.4262 ,    20518191.6251 ,       2.6254 
G28,   -12722428.4334 ,   19318660.8114 ,  -12301602.7913 ,       95550.7634 ,        17.4661 ,    23459711.7191 ,       7.5899 
G10,    -9060770.2787 ,   23754744.2746 ,    6548952.6307 ,      -32079.8416 ,        68.5294 ,    20246642.8591 ,       2.4780 
G02,    10401735.8987 ,   20738572.0196 ,   13618848.8139 ,      140433.9119 ,        35.1559 ,    22586609.0941 ,       3.9956 
Satellite Number:  10,  GPS time£º  91320
G13,   -26002751.1472 ,    4937839.2721 ,    2879885.2122 ,       14191.1037 ,        20.3415 ,    23711238.2271 ,       6.5756 
G12,    12082704.0693 ,   10758463.4067 ,   21062118.9492 ,       52656.3698 ,        20.9426 ,    23563835.3131 ,       6.3985 
G05,     3607066.8518 ,   24200260.6318 ,  -10176600.9073 ,     -118312.6610 ,        14.7471 ,    24255200.0941 ,       8.9034 
G23,   -23068954.3712 ,   -1684721.9330 ,   13499847.4027 ,        5744.4953 ,        17.8535 ,    24131672.0701 ,       7.4345 
G17,   -17510580.6684 ,   15245608.7647 ,   12915250.3739 ,      -15738.4869 ,        62.3777 ,    20772746.5231 ,       2.6023 
G04,    -4712849.3823 ,   15607883.4027 ,   20619911.6642 ,        1324.8270 ,        61.3988 ,    20519686.1801 ,       2.6261 
G28,   -12717252.7955 ,   19268572.5379 ,  -12381839.0336 ,       95550.8024 ,        17.2421 ,    23480032.2421 ,       7.6828 
G20,   -14958308.8641 ,   -6689576.6292 ,   20723479.2187 ,       44011.5079 ,         9.9541 ,    24529949.1330 ,      12.8485 
G10,    -9066906.6161 ,   23726481.3480 ,    6639162.6196 ,      -32079.8549 ,        68.7966 ,    20237562.7581 ,       2.4735 
G02,    10357727.6771 ,   20713100.9803 ,   13690770.9788 ,      140433.9299 ,        35.2717 ,    22577496.8591 ,       3.9842 
Satellite Number:  10,  GPS time£º  91350
G13,   -25993196.2010 ,    4928776.0518 ,    2975248.6415 ,       14191.0567 ,        20.4488 ,    23700535.7731 ,       6.5433 
G12,    12065670.6460 ,   10836792.3003 ,   21032388.4583 ,       52656.3334 ,        21.0915 ,    23550249.3131 ,       6.3562 
G05,     3592295.8767 ,   24237086.4282 ,  -10093047.3828 ,     -118312.6907 ,        14.9482 ,    24234678.9061 ,       8.7905 
G23,   -23023598.1409 ,   -1708183.1141 ,   13573453.3370 ,        5744.4715 ,        17.8612 ,    24130624.7341 ,       7.4314 
G17,   -17558326.6956 ,   15254649.6844 ,   12837392.4325 ,      -15738.5289 ,        62.2687 ,    20776076.9301 ,       2.6049 
G04,    -4778015.1066 ,   15559512.5035 ,   20641885.1854 ,        1324.8298 ,        61.3706 ,    20521223.2271 ,       2.6268 
G28,   -12712104.1234 ,   19218169.4442 ,  -12461828.1854 ,       95550.8291 ,        17.0185 ,    23500373.6801 ,       7.7780 
G20,   -14948072.3087 ,   -6769541.8587 ,   20705291.0852 ,       44011.5311 ,         9.7672 ,    24549898.0861 ,      13.0739 
G10,    -9073030.9533 ,   23697888.3634 ,    6729240.9461 ,      -32079.8721 ,        69.0640 ,    20228590.5001 ,       2.4691 
G02,    10313466.5595 ,   20687540.5526 ,   13762440.8591 ,      140433.9388 ,        35.3874 ,    22568403.3201 ,       3.9730 
Satellite Number:  10,  GPS time£º  91380
G13,   -25983311.3544 ,    4919600.1817 ,    3070555.4910 ,       14191.0483 ,        20.5556 ,    23689891.1331 ,       6.5114 
G12,    12048806.5013 ,   10915039.7383 ,   21002255.2205 ,       52656.3318 ,        21.2398 ,    23536743.9531 ,       6.3147 
G05,     3577633.3344 ,   24273625.3325 ,  -10009299.2335 ,     -118312.6917 ,        15.1493 ,    24214185.4771 ,       8.6804 
G23,   -22978025.1543 ,   -1731819.4902 ,   13646805.7321 ,        5744.4468 ,        17.8681 ,    24129662.8751 ,       7.4287 
G17,   -17605781.2991 ,   15263680.0247 ,   12759288.8435 ,      -15738.5291 ,        62.1583 ,    20779479.6951 ,       2.6075 
G04,    -4843320.8731 ,   15511194.2659 ,   20663451.0492 ,        1324.8481 ,        61.3415 ,    20522802.5001 ,       2.6275 
G28,   -12706983.8249 ,   19167452.3462 ,  -12541568.6052 ,       95550.8540 ,        16.7953 ,    23520735.0631 ,       7.8755 
G20,   -14937966.2952 ,   -6849452.3181 ,   20686700.1479 ,       44011.5809 ,         9.5805 ,    24569862.5080 ,      13.3070 
G10,    -9079144.6260 ,   23668965.6603 ,    6819185.8122 ,      -32079.8836 ,        69.3313 ,    20219726.2971 ,       2.4647 
G02,    10268952.7599 ,   20661892.1870 ,   13833857.1313 ,      140433.9285 ,        35.5030 ,    22559328.8671 ,       3.9618 
Satellite Number:  10,  GPS time£º  91410
G13,   -25973097.2151 ,    4910310.3448 ,    3165803.9447 ,       14191.0139 ,        20.6619 ,    23679304.3201 ,       6.4800 
G12,    12032111.5306 ,   10993203.8693 ,   20971719.8371 ,       52656.3992 ,        21.3874 ,    23523319.3051 ,       6.2739 
G05,     3563078.1774 ,   24309876.3263 ,   -9925358.0677 ,     -118312.6782 ,        15.3506 ,    24193718.8441 ,       8.5730 
G23,   -22932236.7964 ,   -1755631.6772 ,   13719903.2082 ,        5744.4112 ,        17.8740 ,    24128788.2421 ,       7.4264 
G17,   -17652943.8080 ,   15272698.3451 ,   12680941.0727 ,      -15738.5453 ,        62.0466 ,    20782954.0941 ,       2.6102 
G04,    -4908765.4753 ,   15462930.0349 ,   20684608.8459 ,        1324.8584 ,        61.3116 ,    20524423.5001 ,       2.6283 
G28,   -12701893.3040 ,   19116422.0717 ,  -12621058.6563 ,       95550.8858 ,        16.5724 ,    23541116.9381 ,       7.9754 
G20,   -14927990.7386 ,   -6929306.2690 ,   20667706.7829 ,       44011.6315 ,         9.3938 ,    24589843.6801 ,      13.5482 
G10,    -9085248.9682 ,   23639713.5889 ,    6908995.4221 ,      -32079.8724 ,        69.5988 ,    20210970.5391 ,       2.4604 
G02,    10224186.5015 ,   20636157.3343 ,   13905018.4766 ,      140433.9574 ,        35.6185 ,    22550272.9921 ,       3.9507 
Satellite Number:  9,   GPS time£º  91440
G13,   -25962554.4006 ,    4900905.2283 ,    3260992.1878 ,       14190.9874 ,        20.7678 ,    23668775.1021 ,       6.4490 
G12,    12015585.6192 ,   11071282.8438 ,   20940782.9169 ,       52656.3811 ,        21.5344 ,    23509977.3441 ,       6.2338 
G05,     3548629.3523 ,   24345838.3999 ,   -9841225.4972 ,     -118312.6331 ,        15.5519 ,    24173282.1641 ,       8.4683 
G23,   -22886234.4575 ,   -1779620.2823 ,   13792744.3903 ,        5744.3595 ,        17.8790 ,    24127998.4771 ,       7.4245 
G17,   -17699813.5613 ,   15281703.2022 ,   12602350.5908 ,      -15738.5843 ,        61.9336 ,    20786500.6721 ,       2.6129 
G04,    -4974347.6990 ,   15414721.1494 ,   20705358.1738 ,        1324.8608 ,        61.2809 ,    20526086.7111 ,       2.6290 
G28,   -12696833.9608 ,   19065079.4596 ,  -12700296.7066 ,       95550.9333 ,        16.3499 ,    23561517.0781 ,       8.0778 
G10,    -9091345.3130 ,   23610132.5111 ,    6998667.9828 ,      -32079.8222 ,        69.8663 ,    20202322.8591 ,       2.4562 
G02,    10179168.0177 ,   20610337.4449 ,   13975923.5808 ,      140434.0101 ,        35.7339 ,    22541235.8671 ,       3.9397 
Satellite Number:  10,  GPS time£º  91470
G13,   -25951683.5244 ,    4891383.5111 ,    3356118.5338 ,       14190.9996 ,        20.8731 ,    23658304.6091 ,       6.4185 
G12,    11999228.6196 ,   11149274.9186 ,   20909445.0342 ,       52656.3690 ,        21.6808 ,    23496717.0631 ,       6.1944 
G05,     3534285.7807 ,   24381510.6003 ,   -9756903.0246 ,     -118312.5937 ,        15.7534 ,    24152875.2581 ,       8.3660 
G23,   -22840019.4715 ,   -1803785.9367 ,   13865328.0050 ,        5744.3274 ,        17.8830 ,    24127295.5701 ,       7.4229 
G17,   -17746389.9710 ,   15290693.1621 ,   12523518.7676 ,      -15738.6370 ,        61.8193 ,    20790120.4691 ,       2.6157 
G04,    -5040066.4102 ,   15366568.8778 ,   20725698.6669 ,        1324.8600 ,        61.2492 ,    20527791.9691 ,       2.6298 
G28,   -12691807.1848 ,   19013425.2912 ,  -12779281.2344 ,       95550.9446 ,        16.1277 ,    23581936.4841 ,       8.1827 
G20,   -14908430.5964 ,   -7088837.8072 ,   20628514.2860 ,       44011.6657 ,         9.0210 ,    24629849.9691 ,      14.0567 
G10,    -9097434.9998 ,   23580222.7594 ,    7088201.8236 ,      -32079.7983 ,        70.1339 ,    20193784.3131 ,       2.4520 
G02,    10133897.4901 ,   20584433.9346 ,   14046571.2285 ,      140433.9817 ,        35.8492 ,    22532217.4301 ,       3.9289 
Satellite Number:  10,  GPS time£º  91500
G13,   -25940485.2540 ,    4881743.9149 ,    3451180.9145 ,       14190.9329 ,        20.9778 ,   23647894.7501 ,        6.3885 
G12,    11983040.4397 ,   11227178.0387 ,   20877706.8969 ,       52656.4065 ,        21.8266 ,   23483539.5081 ,        6.1557 
G05,     3520046.4360 ,   24416891.8400 ,   -9672392.4955 ,     -118312.5983 ,        15.9550 ,   24132496.1951 ,        8.2663 
G23,   -22793593.3635 ,   -1828129.1657 ,   13937652.4917 ,        5744.3172 ,        17.8861 ,   24126679.5311 ,        7.4217 
G17,   -17792672.2718 ,   15299666.7519 ,   12444447.2954 ,      -15738.6648 ,        61.7036 ,   20793812.1951 ,        2.6186 
G04,    -5105920.2029 ,   15318474.6759 ,   20745629.8856 ,        1324.8616 ,        61.2168 ,   20529538.6721 ,        2.6306 
G28,   -12686814.3816 ,   18961460.5671 ,  -12858010.4050 ,       95550.9593 ,        15.9059 ,   23602374.6091 ,        8.2903 
G20,   -14898845.8068 ,   -7168511.8184 ,   20608315.9720 ,       44011.7117 ,         8.8348 ,   24649874.8911 ,       14.3248 
G10,    -9103519.3426 ,   23549984.7981 ,    7177594.9162 ,      -32079.8264 ,        70.4016 ,   20185354.4771 ,        2.4479 
G02,    10088375.2927 ,   20558448.3230 ,   14116959.9248 ,      140433.9652 ,        35.9643 ,   22523217.2971 ,        3.9180 
Satellite Number:  10,  GPS time£º  91530
G13,   -25928960.2240 ,    4871985.1274 ,    3546177.6454 ,       14190.8728 ,        21.0821 ,   23637541.9381 ,        6.3589 
G12,    11967020.9108 ,   11304990.4654 ,   20845569.0951 ,       52656.5043 ,        21.9717 ,   23470444.6251 ,        6.1178 
G05,     3505910.2278 ,   24451981.1838 ,   -9587695.4205 ,     -118312.6054 ,        16.1567 ,   24112146.8911 ,        8.1689 
G23,   -22746957.4784 ,   -1852650.5828 ,   14009716.5864 ,        5744.2560 ,        17.8883 ,   24126151.3201 ,        7.4208 
G17,   -17838659.8965 ,   15308622.5323 ,   12365137.5542 ,      -15738.7110 ,        61.5867 ,   20797577.0861 ,        2.6214 
G04,    -5171907.9279 ,   15270439.7998 ,   20765151.4811 ,        1324.8934 ,        61.1835 ,   20531327.4611 ,        2.6315 
G28,   -12681856.9325 ,   18909186.0919 ,  -12936482.7065 ,       95550.9888 ,        15.6845 ,   23622829.1641 ,        8.4007 
G20,   -14889391.0402 ,   -7248122.3832 ,   20587716.8132 ,       44011.7187 ,         8.6487 ,   24669915.0080 ,       14.6029 
G10,    -9109599.6780 ,   23519418.9827 ,    7266845.5951 ,      -32079.8403 ,        70.6693 ,   20177033.7581 ,        2.4439 
G02,    10042601.6271 ,   20532382.0255 ,   14187088.4639 ,      140433.9610 ,        36.0794 ,   22514235.1021 ,        3.9073 
Satellite Number:  10,  GPS time£º  91560
G13,   -25917109.0934 ,    4862105.8541 ,    3641106.9155 ,       14190.8332 ,        21.1859 ,   23627251.2581 ,        6.3297 
G12,    11951169.8759 ,   11382710.3570 ,   20813032.2681 ,       52656.4967 ,        22.1161 ,   23457432.6721 ,        6.0804 
G05,     3491876.0796 ,   24486777.6578 ,   -9502813.4264 ,     -118312.5556 ,        16.3584 ,   24091828.1411 ,        8.0738 
G23,   -22700113.2281 ,   -1877350.7608 ,   14081518.9326 ,        5744.1719 ,        17.8895 ,   24125709.0631 ,        7.4203 
G17,   -17884352.2259 ,   15317559.0496 ,   12285591.0346 ,      -15738.7739 ,        61.4685 ,   20801415.2501 ,        2.6244 
G04,    -5238028.3401 ,   15222465.5639 ,   20784263.0853 ,        1324.9000 ,        61.1494 ,   20533156.9451 ,        2.6323 
G28,   -12676936.2215 ,   18856602.7507 ,  -13014696.5256 ,       95550.9984 ,        15.4634 ,   23643301.3201 ,        8.5140 
G20,   -14880066.1644 ,   -7327667.7710 ,   20566717.2250 ,       44011.7239 ,         8.4628 ,   24689968.2421 ,       14.8914 
G10,    -9115677.3329 ,   23488525.7195 ,    7355952.0776 ,      -32079.8537 ,        70.9371 ,   20168822.3831 ,        2.4400 
G02,     9996576.7650 ,   20506236.4918 ,   14256955.5497 ,      140433.9788 ,        36.1944 ,   22505271.9921 ,        3.8967 
Satellite Number:  10,  GPS time£º  91590
G13,   -25904932.5315 ,    4852104.8045 ,    3735966.9149 ,       14190.8157 ,        21.2891 ,  23617021.4221 ,         6.3010 
G12,    11935487.1672 ,   11460335.8745 ,   20780097.0625 ,       52656.4879 ,        22.2599 ,  23444505.3831 ,         6.0438 
G05,     3477942.9089 ,   24521280.2970 ,   -9417748.1442 ,     -118312.5325 ,        16.5603 ,  24071538.7341 ,         7.9809 
G23,   -22653062.0300 ,   -1902230.2636 ,   14153058.1782 ,        5744.1871 ,        17.8898 ,  24125354.2341 ,         7.4202 
G17,   -17929748.6507 ,   15326474.8474 ,   12205809.2320 ,      -15738.8233 ,        61.3490 ,  20805326.1251 ,         2.6273 
G04,    -5304280.1870 ,   15174553.2763 ,   20802964.3384 ,        1324.8984 ,        61.1144 ,  20535028.1951 ,         2.6332 
G28,   -12672053.6284 ,   18803711.4398 ,  -13092650.2539 ,       95551.0197 ,        15.2427 ,  23663790.7191 ,         8.6302 
G20,   -14870871.0380 ,   -7407146.2529 ,   20545317.6308 ,       44011.7435 ,         8.2770 ,  24710033.8201 ,        15.1910 
G10,    -9121753.6327 ,   23457305.4262 ,    7444912.5834 ,      -32079.8380 ,        71.2049 ,  20160720.1021 ,         2.4361 
G02,     9950300.9879 ,   20480013.1710 ,   14326559.8905 ,      140434.0208 ,        36.3092 ,  22496326.0861 ,         3.8861 
Satellite Number:  10,  GPS time£º  91620
G13,   -25892431.2180 ,    4841980.6932 ,    3830755.8345 ,       14190.8047 ,        21.3917 ,  23606851.9691 ,         6.2727 
G12,    11919972.6066 ,   11537865.1807 ,   20746764.1327 ,       52656.5753 ,        22.4030 ,  23431661.7191 ,         6.0078 
G05,     3464109.6278 ,   24555488.1453 ,   -9332501.2083 ,     -118312.5332 ,        16.7622 ,  24051281.7581 ,         7.8901 
G23,   -22605805.3064 ,   -1927289.6464 ,   14224332.9758 ,        5744.1703 ,        17.8892 ,  24125086.3671 ,         7.4205 
G17,   -17974848.5723 ,   15335368.4670 ,   12125793.6468 ,      -15738.8675 ,        61.2283 ,  20809310.6331 ,         2.6304 
G04,    -5370662.2085 ,   15126704.2388 ,   20821254.8890 ,        1324.8784 ,        61.0787 ,  20536940.2661 ,         2.6341 
G28,   -12667210.5285 ,   18750513.0671 ,  -13170342.2878 ,       95551.0404 ,        15.0224 ,  23684293.6951 ,         8.7495 
G20,   -14861805.5102 ,   -7486556.1019 ,   20523518.4618 ,       44011.7974 ,         8.0914 ,  24730112.7270 ,        15.5022 
G10,    -9127829.9008 ,   23425758.5316 ,    7533725.3349 ,      -32079.8297 ,        71.4728 ,  20152728.1411 ,         2.4322 
G02,     9903774.5870 ,   20453713.5120 ,   14395900.1993 ,      140434.1014 ,        36.4240 ,  22487399.3051 ,         3.8756 

