          世界时          卫星轨道X分量     卫星轨道Y分量     卫星轨道Z分量
2002  1  1  0  0  0.0    15955019.72500    -8899126.36700    -18440844.69800
2002  1  1  0  5  0.0    15861590.80789    -8140929.37597    -18865116.12092
2002  1  1  0 10  0.0    15776764.93114    -7366031.30683    -19250695.23192
2002  1  1  0 15  0.0    15701371.13399    -6576045.21900    -19596791.34300
2002  1  1  0 20  0.0    15636156.06412    -5772644.18311    -19902700.17376
2002  1  1  0 25  0.0    15581780.26561    -4957554.29045    -20167805.52965
2002  1  1  0 30  0.0    15538814.91905    -4132547.40699    -20391580.71698
2002  1  1  0 35  0.0    15507739.05160    -3299433.71125    -20573589.68959
2002  1  1  0 40  0.0    15488937.23169    -2460054.05680    -20713487.92387
2002  1  1  0 45  0.0    15482697.75983    -1616272.20104    -20811023.02008
2002  1  1  0 50  0.0    15489211.36359    -769966.94259     -20866035.02989
2002  1  1  0 55  0.0    15508570.40190    76975.79007       -20878456.51119
2002  1  1  1  0  0.0    15540768.58036    922670.85609      -20848312.31281
2002  1  1  1  5  0.0    15585701.17618    1765241.78364     -20775719.09338
2002  1  1  1 10  0.0    15643165.76817    2602828.57343     -20660884.57954
2002  1  1  1 15  0.0    15712863.46449    3433595.38383     -20504106.57031
2002  1  1  1 20  0.0    15794400.61747    4255738.05804     -20305771.69546
2002  1  1  1 25  0.0    15887291.01256    5067491.45537     -20066353.93687
2002  1  1  1 30  0.0    15990958.51543    5867136.55025     -19786412.92266
2002  1  1  1 35  0.0    16104740.15901    6653007.26479     -19466592.00522
2002  1  1  1 40  0.0    16227889.64998    7423497.00255     -19107616.13455
2002  1  1  1 45  0.0    16359581.27188    8177064.85369     -18710289.53924
2002  1  1  1 50  0.0    16498914.16052    8912241.44387     -18275493.22810
2002  1  1  1 55  0.0    16644916.92529    9627634.40215     -17804182.32560
2002  1  1  2  0  0.0    16796552.58884    10321933.42535    -17297383.25493
2002  1  1  2  5  0.0    16952723.81613    10993914.91947    -16756190.78246
2002  1  1  2 10  0.0    17112278.40293    11642446.20123    -16181764.93773
2002  1  1  2 15  0.0    17274014.99318    12266489.24565    -15575327.82294
2002  1  1  2 20  0.0    17436688.99369    12865103.96836    -14938160.32603
2002  1  1  2 25  0.0    17599018.65480    13437451.03405    -14271598.75097
2002  1  1  2 30  0.0    17759691.28501    13982794.18530    -13577031.37908
2002  1  1  2 35  0.0    17917369.56793    14500502.08832    -12855894.97429
2002  1  1  2 40  0.0    18070697.94998    14990049.69512    -12109671.24549
2002  1  1  2 45  0.0    18218309.06783    15451019.12379    -11339883.27796
2002  1  1  2 50  0.0    18358830.18492    15883100.06094    -10548091.94605
2002  1  1  2 55  0.0    18490889.60734    16286089.69277    -9735892.31803
2002  1  1  3  0  0.0    18613123.05017    16659892.17312    -8904910.06400
2002  1  1  3  5  0.0    18724179.92609    17004517.63884    -8056797.87672
2002  1  1  3 10  0.0    18822729.52958    17320080.78490    -7193231.91466
2002  1  1  3 15  0.0    18907467.09090    17606799.01295    -6315908.27601
2002  1  1  3 20  0.0    18977119.67532    17864990.16881    -5426539.51154
2002  1  1  3 25  0.0    19030451.90446    18095069.88581    -4526851.18363
2002  1  1  3 30  0.0    19066271.47803    18297548.55201    -3618578.47800
2002  1  1  3 35  0.0    19083434.47553    18473027.92057    -2703462.87410
2002  1  1  3 40  0.0    19080850.41906    18622197.38349    -1783248.87937
2002  1  1  3 45  0.0    19057487.07999    18745829.93000    -859680.83200
2002  1  1  3 50  0.0    19012375.01374    18844777.81154    65500.22392
2002  1  1  3 55  0.0    18944611.80851    18919967.93619    990559.58753
2002  1  1  4  0  0.0    18853366.03600    18972397.01600    1913771.87200
