          世界时          卫星轨道X分量     卫星轨道Y分量     卫星轨道Z分量
2002  1  1  0  0  0.0    15955019.72500    -8899126.36700    -18440844.69800
2002  1  1  0  5  0.0    15861590.91605    -8140929.13235    -18865115.99833
2002  1  1  0 10  0.0    15776764.97810    -7366031.20418    -19250695.17939
2002  1  1  0 15  0.0    15701371.13400    -6576045.21900    -19596791.34300
2002  1  1  0 20  0.0    15636156.05219    -5772644.20736    -19902700.18669
2002  1  1  0 25  0.0    15581780.25879    -4957554.30364    -20167805.53687
2002  1  1  0 30  0.0    15538814.91900    -4132547.40700    -20391580.71700
2002  1  1  0 35  0.0    15507739.05429    -3299433.70657    -20573589.68687
2002  1  1  0 40  0.0    15488937.23366    -2460054.05374    -20713487.92199
2002  1  1  0 45  0.0    15482697.76000    -1616272.20100    -20811023.02000
2002  1  1  0 50  0.0    15489211.36261    -769966.94405     -20866035.03083
2002  1  1  0 55  0.0    15508570.40088    76975.78892       -20878456.51204
2002  1  1  1  0  0.0    15540768.58000    922670.85600      -20848312.31300
2002  1  1  1  5  0.0    15585701.17651    1765241.78428     -20775719.09299
2002  1  1  1 10  0.0    15643165.76882    2602828.57408     -20660884.57899
2002  1  1  1 15  0.0    15712863.46500    3433595.38400     -20504106.57000
2002  1  1  1 20  0.0    15794400.61759    4255738.05773     -20305771.69554
2002  1  1  1 25  0.0    15887291.01231    5067491.45491     -20066353.93720
2002  1  1  1 30  0.0    15990958.51500    5867136.55000     -19786412.92300
2002  1  1  1 35  0.0    16104740.15866    6653007.26490     -19466592.00538
2002  1  1  1 40  0.0    16227889.64985    7423497.00290     -19107616.13446
2002  1  1  1 45  0.0    16359581.27200    8177064.85400     -18710289.53900
2002  1  1  1 50  0.0    16498914.16078    8912241.44393     -18275493.22786
2002  1  1  1 55  0.0    16644916.92556    9627634.40192     -17804182.32550
2002  1  1  2  0  0.0    16796552.58900    10321933.42500    -17297383.25500
2002  1  1  2  5  0.0    16952723.81613    10993914.91926    -16756190.78263
2002  1  1  2 10  0.0    17112278.40281    11642446.20133    -16181764.93789
2002  1  1  2 15  0.0    17274014.99300    12266489.24600    -15575327.82300
2002  1  1  2 20  0.0    17436688.99353    12865103.96871    -14938160.32597
2002  1  1  2 25  0.0    17599018.65470    13437451.03413    -14271598.75086
2002  1  1  2 30  0.0    17759691.28500    13982794.18500    -13577031.37900
2002  1  1  2 35  0.0    17917369.56800    14500502.08781    -12855894.97430
2002  1  1  2 40  0.0    18070697.95012    14990049.69481    -12109671.24555
2002  1  1  2 45  0.0    18218309.06800    15451019.12400    -11339883.27800
2002  1  1  2 50  0.0    18358830.18505    15883100.06165    -10548091.94601
2002  1  1  2 55  0.0    18490889.60736    16286089.69345    -9735892.31795
2002  1  1  3  0  0.0    18613123.05000    16659892.17300    -8904910.06400
2002  1  1  3  5  0.0    18724179.92575    17004517.63761    -8056797.87690
2002  1  1  3 10  0.0    18822729.52928    17320080.78337    -7193231.91492
2002  1  1  3 15  0.0    18907467.09100    17606799.01300    -6315908.27600
2002  1  1  3 20  0.0    18977119.67604    17864990.17201    -5426539.51091
2002  1  1  3 25  0.0    19030451.90544    18095069.89069    -4526851.18262
2002  1  1  3 30  0.0    19066271.47800    18297548.55200    -3618578.47800
2002  1  1  3 35  0.0    19083434.47286    18473027.90690    -2703462.87715
2002  1  1  3 40  0.0    19080850.41424    18622197.35842    -1783248.88516
2002  1  1  3 45  0.0    19057487.08000    18745829.93000    -859680.83200
2002  1  1  3 50  0.0    19012375.03394    18844777.91727    65500.24963
2002  1  1  3 55  0.0    18944611.85648    18919968.18673    990559.64978
2002  1  1  4  0  0.0    18853366.03600    18972397.01600    1913771.87200
