------------速度和方位角计算结果----------
00, 57940.18943-57940.19005, 90.769, 340.820
01, 57940.19005-57940.19067, 82.317, 290.872
02, 57940.19067-57940.19126, 87.419, 58.288
03, 57940.19126-57940.19190, 81.109, 81.929
04, 57940.19190-57940.19253, 77.445, 278.590
05, 57940.19253-57940.19376, 89.183, 274.308
06, 57940.19376-57940.19434, 83.883, 285.096
07, 57940.19434-57940.19492, 92.332, 345.783
08, 57940.19492-57940.19554, 66.946, 308.977
09, 57940.19554-57940.19617, 89.584, 72.897
10, 57940.19617-57940.19678, 89.561, 71.918
11, 57940.19678-57940.19742, 79.375, 41.517
12, 57940.19742-57940.19803, 74.180, 19.132
13, 57940.19803-57940.19865, 77.550, 46.124
14, 57940.19865-57940.19934, 81.965, 85.255
15, 57940.19934-57940.19992, 79.660, 66.844
16, 57940.19992-57940.20053, 85.324, 36.074
17, 57940.20053-57940.20117, 88.850, 44.575
18, 57940.20117-57940.20179, 83.170, 64.146
19, 57940.20179-57940.20242, 71.029, 64.255
20, 57940.20242-57940.20306, 61.150, 52.526
21, 57940.20306-57940.20367, 53.043, 45.874
22, 57940.20367-57940.20432, 32.512, 77.874
23, 57940.20432-57940.20579, 21.016, 300.757
24, 57940.20579-57940.20637, 38.124, 304.043
25, 57940.20637-57940.20698, 40.379, 330.527
26, 57940.20698-57940.20780, 31.464, 330.622
27, 57940.20780-57940.20844, 47.619, 309.735
28, 57940.20844-57940.20906, 49.410, 306.561
29, 57940.20906-57940.20970, 50.471, 314.054
30, 57940.20970-57940.21031, 15.491, 275.821
31, 57940.21031-57940.21094, 40.946, 89.557
32, 57940.21094-57940.21155, 7.063, 271.964
33, 57940.21155-57940.21219, 0.055, 359.593
------------距离计算结果-----------------
累积距离：33.711 (km)
首尾直线距离： 26.733 (km)