P51,284.309
Q48,286.393
 
P51,-1,51.230,1.457,49.954,1.185,49.953,1.186,51.231,1.458
-1,-1,75.354,0.769,75.801,0.994,75.802,0.994,75.356,0.768
-1,-1,78.357,0.763,78.233,0.833,78.232,0.832,78.355,0.762
-1,B68,78.872,1.423,80.920,1.422,80.920,1.421,78.872,1.425
B68,-1,76.722,1.354,74.205,1.315,74.203,1.316,76.723,1.352
-1,-1,66.262,0.870,58.631,1.109,58.630,1.110,66.261,0.868
-1,-1,77.088,0.802,73.789,0.926,73.787,0.927,77.090,0.802
-1,-1,69.760,0.629,72.895,0.765,72.893,0.765,69.761,0.626
-1,-1,69.015,0.731,71.677,0.793,71.679,0.793,69.014,0.732
-1,B01,69.957,1.379,66.651,1.309,66.650,1.308,69.958,1.380
B01,-1,68.607,1.451,65.913,1.333,65.914,1.334,68.608,1.451
-1,-1,64.785,1.378,65.952,0.954,65.952,0.956,64.786,1.379
-1,-1,68.834,1.460,69.641,1.226,69.642,1.227,68.834,1.460
-1,P29,72.454,1.339,70.331,1.058,70.332,1.060,72.455,1.340
P29,-1,65.791,1.492,68.656,1.254,68.656,1.254,65.792,1.492
-1,-1,63.877,1.379,64.331,0.975,64.331,0.975,63.879,1.380
-1,-1,64.157,1.327,62.352,1.238,62.350,1.237,64.157,1.328
-1,-1,67.411,1.385,64.644,1.010,64.644,1.011,67.412,1.387
-1,-1,66.114,1.313,61.170,1.314,61.170,1.313,66.115,1.313
-1,Q48,68.146,1.447,67.172,1.045,67.172,1.046,68.146,1.448

1.248,9.242,7.555,0.694
3.732,5.679,1.465,9.746
4.487,8.326,1.718,7.228
6.174,3.108,7.126,1.306

8.316,3.368,4.814
5.786,0.917,2.142
5.852,0.637,6.258
8.369,3.461,6.691
