GPS01,-1964734.9635,4484768.5466,4075386.7697,-1964642.8359,4484908.5860,4075486.8981
GPS02,-1967174.8023,4490401.5079,4067948.1663,-1967082.7160,4490541.6460,4068048.1509
GPS03,-1958198.6099,4481934.1931,4081954.0888,-1958106.3701,4482074.1789,4082054.3211
GPS04,-1958489.2289,4485256.3985,4077866.1343,-1958396.9949,4485396.4450,4077966.2971
GPS05,-1953456.7885,4481362.6794,4084841.9629,-1953364.4591,4481502.6550,4084942.2649
GPS06,-1958020.9950,4492625.1514,4069911.5369,-1957928.7551,4492765.3050,4070011.5630

GPS11,-1964642.8359, 4484908.5860, 4075486.8981
GPS12,-1967082.7160, 4490541.6460, 4068048.1509
GPS13,-1958106.3701, 4482074.1789, 4082054.3211
GPS14,-1958396.9949, 4485396.4450, 4077966.2971
GPS15,-1953364.4591, 4481502.6550, 4084942.2649
GPS16,-1957928.7551, 4492765.3050, 4070011.5630

1,3
3,4

1,3,2
2,4,5
