J7point(N)

3.404,0.308

1.0,2.5,1.0,2.5

1,20080703105950 ,0.177
2,20080703115950 ,-0.342
3,20080703125950 ,-0.136
4,20080703135950 ,-1.776
5,20080703145950 ,-0.135
6,20080703155950 ,2.191
7,20080703165950 ,2.495
8,20080703175950 ,-2.283
9,20080703185950 ,0.051
10,20080703195950 ,0.372
11,20080703205950 ,0.949
12,20080703215950 ,-0.228
13,20080703225950 ,0.259
14,20080703235950 ,0.005
15,20080704005950 ,-0.075
16,20080704015950 ,-2.384
17,20080704025950 ,-0.044
18,20080704035950 ,-1.494
19,20080704045950 ,0.087
20,20080704055950 ,-2.216
21,20080704065950 ,-1.707
22,20080704155950 ,2.288
23,20080704165950 ,2.675
24,20080704175950 ,-1.58
25,20080704185950 ,0.427
26,20080704195950 ,1.044
27,20080704205950 ,0.82
28,20080704215950 ,0.163
29,20080704225950 ,0.158
30,20080704235950 ,-0.121
31,20080705005950 ,0.317
32,20080705015950 ,-1.034
33,20080705025950 ,-0.897
34,20080705035950 ,-0.636
35,20080705045950 ,-0.43
36,20080705055950 ,-1.447
37,20080705065950 ,-0.462
38,20080705075950 ,-0.817
39,20080705085950 ,0.287
40,20080705095950 ,-1.486
41,20080705105950 ,0.24
42,20080705115950 ,-0.215
43,20080705125950 ,-0.251
44,20080705135950 ,-1.572
45,20080705145950 ,0.754
46,20080705155950 ,2.455
47,20080705165950 ,1.433
48,20080705175950 ,1.689
49,20080705215950 ,1.689
50,20080705224920 ,1.689
51,20080706015950 ,1.689
52,20080706023650 ,1.689
53,20080706035950 ,1.689
54,20080706045950 ,1.689
55,20080706055950 ,1.689
56,20080706065950 ,1.689
57,20080707025950 ,1.689
58,20080707035950 ,-0.398
59,20080707045950 ,-0.808
60,20080707055950 ,-1.146
61,20080707065950 ,-0.394
62,20080707075950 ,-0.923
63,20080707085950 ,0.426
64,20080707095950 ,-1.378
65,20080707105950 ,0.367
66,20080707115950 ,-0.568
67,20080707125950 ,-0.358
68,20080707135950 ,-0.971
69,20080707145950 ,1.546
70,20080707155950 ,2.892
71,20080707165950 ,0.993
72,20080707175950 ,-0.29
73,20080707185950 ,-0.368
74,20080707195950 ,3.879
75,20080707205950 ,-1.024
76,20080707215950 ,0.527
77,20080707225950 ,0.921
78,20080707235950 ,1.271
79,20080708005955 ,-0.412
80,20080708015950 ,-0.037
81,20080708025950 ,-0.96
82,20080708035950 ,-0.784
83,20080708041840 ,-3.046
84,20080708115950 ,-1.931
85,20080708125950 ,0.076
86,20080708135950 ,-1.02
87,20080708145950 ,1.623
88,20080708155950 ,2.751
89,20080708165950 ,0.963
90,20080708175950 ,-0.02
91,20080708185950 ,-0.532
92,20080708195950 ,5.691
93,20080708205950 ,-0.152
94,20080708215950 ,0.748
95,20080708225335 ,0.705
96,20080709043200 ,2.796
97,20080709115950 ,2.796
98,20080709125950 ,2.796
99,20080709135950 ,2.796
100,20080709145950 ,2.796
101,20080709155545 ,2.796
102,20080709165950 ,2.796
103,20080709175950 ,2.796
104,20080709185950 ,2.796
105,20080709195950 ,2.796
106,20080709205615 ,2.796
107,20080709215950 ,4.018
108,20080709225950 ,4.018
109,20080709230450 ,4.018
110,20080710005950 ,-1.325
111,20080710015950 ,-0.537
112,20080710025950 ,-0.986
113,20080710035950 ,-2.229
114,20080710045950 ,1.019
115,20080710055950 ,-0.505
116,20080710065950 ,-3.476
117,20080710075950 ,-1.288
118,20080710085950 ,-0.78
119,20080710095950 ,-2.949
120,20080710105950 ,0.038
121,20080710115950 ,-0.563
122,20080710125950 ,-1.203
123,20080710135950 ,-0.149
124,20080710145950 ,1.849
125,20080710155950 ,2.702
126,20080710165950 ,-0.457
127,20080710175950 ,-0.233
128,20080710185950 ,-1.26
129,20080710195950 ,6.332
130,20080710205950 ,-0.293
131,20080710215950 ,-0.02
132,20080710225950 ,0.542
133,20080710235950 ,0.227
134,20080711005950 ,-1.487
135,20080711015950 ,-0.549
136,20080711025950 ,-0.395
137,20080711055950 ,-0.626
138,20080711085950 ,-1.072
139,20080711115950 ,-0.215
140,20080711145950 ,-0.322
141,20080711175950 ,0.635
142,20080711205950 ,1.048
143,20080711235950 ,1.078
144,20080712025950 ,-0.492
145,20080712055950 ,-0.918
146,20080712085950 ,-1.127
147,20080712115950 ,-0.784
148,20080712145950 ,0.051
149,20080712175950 ,-0.137
150,20080712205950 ,0.664
151,20080712235950 ,0.664
152,20080713025950 ,0.664
153,20080713055950 ,0.664
154,20080713070405 ,0.664
155,20080713085950 ,0.664
156,20080713115950 ,0.664
157,20080713142330 ,0.664
158,20080716145950 ,1.303
159,20080716175950 ,-0.391
160,20080716205950 ,0.265
161,20080716235950 ,0.067
162,20080717025950 ,-1.42
163,20080717055950 ,-1.343
164,20080717085950 ,-1.412
165,20080717110610 ,-0.779
166,20080718025950 ,-1.678
167,20080718055950 ,-1.654
168,20080718085950 ,-1.474
169,20080718115950 ,-0.252
170,20080718120645 ,0.178
171,20080719085950 ,-0.791
172,20080719115950 ,0.024
173,20080719145950 ,-0.163
174,20080719175950 ,0.026
175,20080719205950 ,0.356
176,20080719235950 ,0.145
177,20080720025950 ,-0.987
178,20080720055950 ,-0.855
179,20080720085950 ,-1.073
180,20080720115950 ,-0.213
181,20080720145950 ,0.4
182,20080720175950 ,-0.345
183,20080722025220 ,-5.596
184,20080722025950 ,-3.367
185,20080722055950 ,-1.916
186,20080722085950 ,-0.048
187,20080722115950 ,0.025
188,20080722145950 ,0.788
189,20080722175950 ,-0.219
190,20080722193805 ,1.135
191,20080724082335 ,-2.905
192,20080724085950 ,1.934
193,20080724115950 ,-0.311
194,20080724145950 ,1.398
195,20080724175950 ,-0.548
196,20080724235950 ,0.227
197,20080725025950 ,0.1
198,20080725055950 ,-1.152
199,20080725085950 ,-0.878
200,20080725115950 ,-0.159
201,20080725145950 ,0.447
202,20080725175950 ,-0.237
203,20080725205950 ,1.097
204,20080725235950 ,-0.074
205,20080726012855 ,-0.195
206,20080726025950 ,-1.057
207,20080726055950 ,-1.073
208,20080726085950 ,-1.314
209,20080726115950 ,-1.014
210,20080726145950 ,0.253
211,20080726175950 ,-0.552
212,20080726205950 ,0.947
213,20080726235950 ,0.042
214,20080727025950 ,-1.344
215,20080727055950 ,-0.638
216,20080727085950 ,-0.938
217,20080727115950 ,-0.396
218,20080727145950 ,0.399
219,20080727175950 ,-0.706
220,20080727200940 ,0.496
221,20080728025950 ,-1.398
222,20080728055950 ,-1.358
223,20080728085950 ,-0.789
224,20080728115950 ,-0.202
225,20080728145950 ,0.07
226,20080728175950 ,-0.85
227,20080728205950 ,0.473
228,20080728235950 ,-0.462
229,20080729025950 ,-0.747
230,20080729055950 ,-2.079
231,20080729085950 ,-1.699
232,20080729115950 ,-0.908
233,20080729123905 ,-1.035
234,20080730085950 ,-2.401
235,20080730115950 ,-0.753
236,20080730145950 ,0.132
237,20080730175950 ,-0.608
238,20080730205950 ,0.6
239,20080730235950 ,-0.72
240,20080731025950 ,-0.107
241,20080731055950 ,-1.364
242,20080731085950 ,-0.039
243,20080731115950 ,-1.025
244,20080731145950 ,0.334
245,20080731175950 ,-0.055
246,20080731205950 ,0.591
247,20080731235950 ,0.017
248,20080801025950 ,-0.048
249,20080801055950 ,-0.77
250,20080801085950 ,-0.3
251,20080801115950 ,-0.448
252,20080801145950 ,0.494
253,20080801175950 ,-0.06
254,20080801205950 ,0.562
255,20080801235950 ,-0.388
256,20080802025950 ,-0.211
257,20080802055950 ,-1.178
258,20080802085950 ,-1.227
259,20080802115801 ,0.014
260,20080803235950 ,1.058
261,20080804012820 ,-0.9
262,20080804025950 ,-0.161
263,20080804055950 ,-0.706
264,20080804085950 ,0.094
265,20080804115950 ,-0.149
266,20080804145950 ,0.468
267,20080804175950 ,0.676
268,20080804205950 ,0.393
269,20080804235615 ,0.145
270,20080804235950 ,0.145
271,20080805025950 ,-0.37
272,20080805055950 ,-0.794
273,20080805085950 ,-0.008
274,20080805115950 ,-0.472
275,20080805145950 ,0.915
276,20080805175950 ,0.929
277,20080805205950 ,0.619
278,20080805235950 ,-0.462
279,20080806025950 ,0.497
280,20080806055950 ,-0.7
281,20080806085950 ,-0.17
282,20080806100545 ,-0.316
283,20080806101345 ,1.279
284,20080806115950 ,-0.338
285,20080806145950 ,0.895
286,20080806152705 ,-4.671
287,20080806235950 ,0.425
288,20080807022340 ,-0.23
289,20080807055950 ,0.957
290,20080807073410 ,0.035
291,20080807074235 ,3.703
292,20080807085950 ,1.622
293,20080807115950 ,0.444
294,20080807145950 ,0.957
295,20080807175950 ,1.198
296,20080807205950 ,-0.257
297,20080807235950 ,-0.181
298,20080808025950 ,-0.699
299,20080808055950 ,-0.981
300,20080808085950 ,-0.537
301,20080808115950 ,0.247
302,20080808145950 ,-0.227
303,20080808175950 ,0.92
304,20080808205950 ,0.209
305,20080808235950 ,-0.24
306,20080809025950 ,-0.809
307,20080809055950 ,-1.612
308,20080809085950 ,0.196
309,20080809115950 ,0.659
310,20080809145950 ,-0.16
311,20080809175950 ,0.603
312,20080809205950 ,-0.278
313,20080809235950 ,-0.257
314,20080810025950 ,-1.272
315,20080810055950 ,-1.387
316,20080810085950 ,-0.363
317,20080810115950 ,0.704
318,20080810145950 ,-0.277
319,20080810175950 ,0.96
320,20080810205950 ,-0.115
321,20080810235950 ,-0.714
322,20080811025950 ,-1.039
323,20080811055950 ,-1.425
324,20080811070255 ,-0.187
325,20080811085950 ,-0.069
326,20080811115950 ,0.777
327,20080811145950 ,-1.164
328,20080811175950 ,1.076
329,20080811205950 ,-0.242
330,20080811235950 ,-0.299
331,20080812025950 ,-1.33
332,20080812051925 ,-1.316
333,20080812092230 ,-0.469
334,20080812115950 ,0.457
335,20080812145950 ,-0.07
336,20080812175950 ,0.726
337,20080812205950 ,-0.058
338,20080812235950 ,-0.183
339,20080813025950 ,-0.748
340,20080813055950 ,-0.208
341,20080813085340 ,0.125
342,20080813085945 ,-0.092
343,20080813115950 ,0.029
344,20080813145950 ,0.159
345,20080813175950 ,0.783
346,20080813205950 ,-0.413
347,20080813235950 ,-0.371
348,20080814025950 ,-1.011
349,20080814055950 ,-0.078
350,20080814085950 ,-0.207
351,20080814093245 ,-0.537
352,20080814115950 ,-0.512
353,20080814145950 ,-0.45
354,20080814175950 ,0.652
355,20080814205950 ,-0.283
356,20080814235950 ,-0.289
357,20080815025950 ,-1.071
358,20080815055950 ,-0.148
359,20080815085950 ,0.226
360,20080815115950 ,0.171
361,20080815125220 ,1.598
362,20080816025950 ,-0.95
363,20080816050120 ,0.767
364,20080816055950 ,0.644
365,20080816085950 ,1.206
366,20080816115950 ,0.734
367,20080816145950 ,0.617
368,20080816175950 ,1.426
369,20080816205950 ,0.204
370,20080816233820 ,0.244
371,20080816235950 ,0.389
372,20080817025950 ,0.431
373,20080817055950 ,0.595
374,20080817085950 ,1.084
375,20080817115950 ,1.167
376,20080817145950 ,1.451
377,20080817175950 ,1.609
378,20080817205950 ,0.665
379,20080817234640 ,0.628
380,20080817235950 ,-0.862
381,20080818025950 ,0.277
382,20080818053055 ,1.38
383,20080818053055 ,1.389
384,20080818085950 ,1.008
385,20080818115950 ,0.383
386,20080818145950 ,1.121
387,20080818175950 ,1.516
388,20080818205950 ,0.798
389,20080818235950 ,0.085
390,20080819025950 ,-0.613
391,20080819055950 ,-0.178
392,20080819085950 ,0.337
393,20080819115950 ,0.463
394,20080819145950 ,0.376
395,20080819175950 ,0.984
396,20080819205950 ,0.661
397,20080819235950 ,-0.1
398,20080820025950 ,-0.238
399,20080820045045 ,0.827
400,20080820055950 ,0.804
401,20080820085950 ,0.584
402,20080820115950 ,0.255
403,20080820141315 ,-0.223
404,20080820145950 ,-0.728
405,20080820175950 ,1.052
406,20080820205950 ,0.433
407,20080820235950 ,-0.337
408,20080821025950 ,-0.153
409,20080821055950 ,0.487
410,20080821085950 ,1.502
411,20080821115950 ,0.714
412,20080821124815 ,1.587
413,20080821142330 ,-0.968
414,20080821235950 ,-0.696
415,20080822014130 ,-0.23
416,20080822023640 ,-1.247
417,20080822025950 ,-0.295
418,20080822045320 ,0.513
419,20080822063210 ,3.187
420,20080822063250 ,3.187
421,20080822085950 ,1.609
422,20080823011150 ,-3.741
423,20080823025950 ,0.332
424,20080823055950 ,0.985
425,20080823085950 ,1.748
426,20080823103830 ,0.012
427,20080823115950 ,1.25
428,20080823145950 ,0.534
429,20080823175950 ,1.406
430,20080823205950 ,1.323
431,20080823235950 ,0.043
432,20080824025950 ,-0.031
433,20080824055950 ,-0.007
434,20080824085950 ,0.548
435,20080824115950 ,1.193
436,20080824145950 ,0.497
437,20080824175950 ,1.594
438,20080824205950 ,1.2
439,20080824235950 ,0.017
440,20080825025955 ,0.218
441,20080825055950 ,0.245
442,20080825085950 ,1.163
443,20080825115950 ,0.803
444,20080825145950 ,0.543
445,20080825175950 ,1.4
446,20080825205950 ,1.048
447,20080825235950 ,0.203
448,20080826025950 ,-0.1
449,20080826055950 ,1.403
450,20080826085950 ,2.076
451,20080826115950 ,1.59
452,20080826145950 ,0.878
453,20080826175950 ,2.02
454,20080826205950 ,1.79
455,20080826235950 ,-0.088
456,20080827025950 ,-0.04
457,20080827055950 ,1.119
458,20080827085950 ,2.365
459,20080827115950 ,2.495
460,20080827145950 ,1.176
461,20080827175950 ,2.341
462,20080827205950 ,2.209
463,20080827235950 ,0.676
464,20080828025955 ,0.617
465,20080828055950 ,1.609
466,20080828071435 ,3.082
467,20080829055950 ,2.66
468,20080829085950 ,-0.128
469,20080829115950 ,2.579
470,20080829145950 ,1.949
471,20080829175950 ,2.689
472,20080829205950 ,2.324
473,20080829235950 ,1.439
474,20080830025955 ,1.178
475,20080830055950 ,2.618
476,20080830085950 ,3.118
477,20080830115950 ,3.185
478,20080830145950 ,2.547
479,20080830175950 ,3.135
480,20080830205950 ,3.479
481,20080831025955 ,1.465
482,20080831055950 ,2.989
483,20080831085950 ,2.462
484,20080831115950 ,2.583
485,20080831145950 ,2.268
486,20080902025950 ,2.268
487,20080902055950 ,2.899
488,20080902085950 ,2.583
489,20080902115950 ,2.943
490,20080902145950 ,2.032
491,20080902175950 ,3.291
492,20080907055950 ,4.906
493,20080907085950 ,4.043
494,20080907115950 ,4.744
495,20080907145950 ,3.915
496,20080907175950 ,5.625
497,20080907205950 ,4.216
498,20080907235950 ,3.39
499,20080908025955 ,3.168
500,20080908055950 ,4.496
501,20080908085950 ,4.964
502,20080908115950 ,4.622
503,20080908145950 ,3.109
504,20080908175950 ,5.106
505,20080909031601 ,3.399
506,20080909070325 ,3.399
507,20080909194640 ,4.11
508,20080910024730 ,3.1
509,20080910115950 ,4.694
510,20080910145950 ,3.178
511,20080910175950 ,4.21
512,20080910205950 ,3.803
513,20080910235950 ,3.387
514,20080911025955 ,3.133
515,20080911055950 ,4.062
516,20080911085950 ,3.533
517,20080911115950 ,3.881
518,20080911145950 ,3.422
519,20080911175950 ,4.39
520,20080911205950 ,3.492
521,20080911235950 ,3.72
522,20080912025955 ,2.648
523,20080912055950 ,3.504
524,20080912085950 ,3.848
525,20080912115950 ,4.501
526,20080912145950 ,2.99
527,20080912175950 ,4.622
528,20080912205950 ,3.965
529,20080912235950 ,3.719
530,20080913025955 ,3.188
531,20080913055950 ,3.412
532,20080913085950 ,3.938
533,20080913145950 ,3.236
534,20080913175950 ,4.343
535,20080913205950 ,3.525
536,20080913235955 ,3.378
537,20080914025955 ,2.083
538,20080914055950 ,4.082
539,20080914085950 ,4.154
540,20080914115950 ,3.835
541,20080914145950 ,2.856
542,20080914175950 ,3.904
543,20080914205950 ,3.385
544,20080914235950 ,3.332
545,20080915025955 ,1.97
546,20080915055950 ,4.278
547,20080915085950 ,4.174
548,20080915115950 ,4.199
549,20080915175950 ,4.312
550,20080915205950 ,3.327
551,20080915235950 ,3.476
552,20080916025955 ,2.324
553,20080916055950 ,3.956
554,20080916085950 ,3.482
555,20080916115950 ,4.04
556,20080916145950 ,3.042
557,20080916175950 ,4.389
558,20080916205950 ,3.39
559,20080916235950 ,3.73
560,20080917025955 ,2.217
561,20080917055950 ,2.997
562,20080917085950 ,2.023
563,20080917115950 ,1.833
564,20080917143545 ,3.08
565,20080918025950 ,1.61
566,20080918055950 ,4.345
567,20080918085950 ,3.892
568,20080918115950 ,4.178
569,20080918145950 ,2.702
570,20080918175950 ,3.725
571,20080918205950 ,3.296
572,20080918235950 ,2.487
573,20080919025955 ,2.064
574,20080919055950 ,4.111
575,20080919085950 ,3.778
576,20080919115950 ,3.993
577,20080919145950 ,3.114
578,20080919175950 ,3.462
579,20080919205950 ,3.448
580,20080919235950 ,2.435
581,20080920025955 ,1.92
582,20080920055950 ,3.874
583,20080920085950 ,3.461
584,20080920115950 ,3.656
585,20080920145950 ,3.094
586,20080920175950 ,3.661
587,20080920205950 ,2.978
588,20080921025955 ,2.053
589,20080921055950 ,3.718
590,20080921085950 ,3.579
591,20080921115950 ,3.562
592,20080921145950 ,2.887
593,20080921175950 ,3.351
594,20080921205950 ,3.134
595,20080921235405 ,2.53
596,20080921235950 ,2.53
597,20080922025955 ,1.832
598,20080922055950 ,2.153
599,20080922085950 ,3.591
600,20080922115950 ,4.016
601,20080922145950 ,3.328
602,20080922175950 ,3.357
603,20080922205950 ,3.278
604,20080922233355 ,2.811
605,20080922234830 ,1.691
606,20080922235950 ,0.6
607,20080923025950 ,2.749
608,20080923055950 ,3.982
609,20080923085950 ,3.742
610,20080923115950 ,4.811
611,20080923145950 ,3.126
612,20080923175950 ,3.503
613,20080923205950 ,3.504
614,20080923235950 ,2.573
615,20080924013440 ,2.211
616,20080924040110 ,2.211
617,20080924055950 ,3.746
618,20080924085950 ,3.939
619,20080924115950 ,4.673
620,20080924145950 ,3.878
621,20080924175950 ,3.792
622,20080924205950 ,3.207
623,20080924235950 ,2.759
624,20080925025955 ,2.991
625,20080925055950 ,4.24
626,20080925085950 ,4.143
627,20080925115950 ,4.368
628,20080925145950 ,3.769
629,20080925175950 ,3.848
630,20080925205950 ,3.313
631,20080925235950 ,2.842
632,20080926025950 ,3.198
633,20080926055950 ,4.767
634,20080926085950 ,5.487
635,20080926115950 ,5.577
636,20080926145950 ,5.284
637,20080926175950 ,4.731
638,20080926205950 ,3.841
639,20080926235950 ,3.439
640,20080927025950 ,3.802
641,20080927030045 ,3.802
642,20080927055950 ,4.897
643,20080927085950 ,5.287
644,20080927115950 ,5.331
645,20080927145950 ,5.574
646,20080927175950 ,5.124
647,20080927205950 ,3.972
648,20080927235950 ,4.008
649,20080928025950 ,4.102
650,20080928054201 ,5.941
651,20080928235950 ,4.527
652,20080929025950 ,4.22
653,20080929032020 ,5.541
654,20080929054930 ,5.622
655,20080929085950 ,5.421
656,20080929115950 ,5.248
657,20080929140000 ,5.563
658,20080929205950 ,4.947
659,20080929235950 ,4.325
660,20080930025935 ,4.011
661,20080930055950 ,4.54
662,20080930085950 ,5.532
663,20080930093855 ,7.349
664,20080930094150 ,7.349
665,20080930094525 ,7.349
666,20080930115950 ,4.807
667,20080930145950 ,5.923
668,20080930175950 ,5.735
669,20080930205950 ,4.481
670,20080930235415 ,4.467
671,20080930235950 ,4.467
672,20081001025950 ,4.494
673,20081001055950 ,5.169
674,20081001082315 ,5.365
675,20081001085950 ,7.192
676,20081001115950 ,6.09
677,20081001145950 ,5.948
678,20081001175950 ,5.924
679,20081001205950 ,4.541
680,20081001235950 ,4.429
681,20081002025950 ,4.68
682,20081002055950 ,5.461
683,20081002085950 ,5.755
684,20081002115950 ,6.036
685,20081002145950 ,5.623
686,20081002175950 ,5.477
687,20081002205950 ,4.716
688,20081002235950 ,4.371
689,20081003025950 ,4.377
690,20081003055950 ,5.438
691,20081003085950 ,5.599
692,20081003115950 ,5.502
693,20081003145950 ,5.596
694,20081003175950 ,5.532
695,20081003205950 ,4.537
696,20081003235925 ,4.755
697,20081004025950 ,5.144
698,20081004055950 ,6.05
699,20081004115950 ,6.565
700,20081004145950 ,6.261
701,20081004175950 ,6.219
702,20081004205950 ,4.725
703,20081004235950 ,4.702
704,20081005025950 ,4.596
705,20081005055950 ,5.697
706,20081005085950 ,6.35
707,20081005115950 ,6.286
708,20081006055950 ,5.772
709,20081006085950 ,6.237
710,20081006115950 ,5.669
711,20081006145950 ,5.09
712,20081006175950 ,6.139
713,20081006205950 ,4.608
714,20081006235950 ,4.613
715,20081007025950 ,4.536
716,20081007055950 ,5.441
717,20081007085950 ,5.762
718,20081007115950 ,5.066
719,20081007145950 ,5.951
720,20081007175950 ,6.012
721,20081007205950 ,4.422
722,20081007235950 ,4.762
723,20081008025950 ,5.096
724,20081008055950 ,6.968
725,20081008085950 ,6.513
726,20081008115950 ,6.946
727,20081008142745 ,7.769
728,20081008145940 ,5.632
729,20081008175940 ,6.518
730,20081008205940 ,4.924
731,20081008235940 ,4.862
732,20081009025940 ,5.198
733,20081009055940 ,6.388
734,20081009085940 ,6.804
735,20081009115940 ,6.319
736,20081009145940 ,6.466
737,20081009175940 ,6.392
738,20081009205940 ,4.657
739,20081009235940 ,4.665
740,20081010025940 ,5.402
741,20081010055940 ,7.69
742,20081010085940 ,7.236
743,20081010115940 ,6.865
744,20081010145940 ,6.758
745,20081010175940 ,6.635
746,20081010205940 ,4.977
747,20081010235940 ,4.957
748,20081011025940 ,5.618
749,20081011055940 ,7.661
750,20081011085940 ,7.726
751,20081011115940 ,7.685
752,20081011145940 ,7.146
753,20081011175940 ,7.092
754,20081011205940 ,5.458
755,20081011235940 ,5.369
756,20081012025940 ,5.711
757,20081012055940 ,7.101
758,20081012085940 ,7.164
759,20081012115940 ,7.726
760,20081012145940 ,7.439
761,20081012175940 ,7.027
762,20081012205940 ,5.325
763,20081012235940 ,5.362
764,20081013025940 ,5.789
765,20081013055940 ,7.129
766,20081013085940 ,7.025
767,20081013115940 ,7.456
768,20081013145940 ,7.648
769,20081013175940 ,7.338
770,20081013205940 ,5.259
771,20081013235940 ,5.425
772,20081014025940 ,6.173
773,20081014055940 ,7.431
774,20081014085940 ,6.55
775,20081014115940 ,7.971
776,20081014145940 ,7.93
777,20081014175940 ,7.176
778,20081014205940 ,5.424
779,20081014235940 ,5.141
780,20081015025940 ,6.085
781,20081015055940 ,6.818
782,20081015085940 ,7.349
783,20081015115940 ,6.353
784,20081015145940 ,7.52
785,20081015175940 ,7.27
786,20081015205940 ,5.068
787,20081015235940 ,5.337
788,20081016020101 ,6.198
789,20081016085940 ,8.863
790,20081016090840 ,8.863
791,20081016115940 ,7.472
792,20081016145940 ,7.566
793,20081016175940 ,5.759
794,20081016205940 ,5.472
795,20081016235940 ,5.51
796,20081017025940 ,6.635
797,20081017055940 ,6.732
798,20081017085940 ,7.727
799,20081017115940 ,7.009
800,20081017145940 ,7.437
801,20081017175940 ,7.006
802,20081017205940 ,5.776
803,20081017235940 ,5.467
804,20081018025940 ,6.126
805,20081018055940 ,7.532
806,20081018070640 ,7.126
807,20081018085940 ,8.176
808,20081018115940 ,7.239
809,20081018145940 ,7.541
810,20081018175940 ,7.256
811,20081018205940 ,5.652
812,20081018235940 ,5.776
813,20081021025950 ,6.333
814,20081021055950 ,7.427
815,20081021085950 ,7.13
816,20081021115950 ,7.213
817,20081021145950 ,7.272
818,20081021175950 ,6.749
819,20081021205950 ,5.485
820,20081021235950 ,5.591
821,20081022025950 ,6.783
822,20081022055950 ,7.613
823,20081022085230 ,7.602
824,20081022085950 ,9.238
825,20081022115950 ,7.803
826,20081022145950 ,7.915
827,20081022175950 ,7.17
828,20081022205950 ,5.807
829,20081022235950 ,5.623
830,20081023014825 ,7.171
831,20081023145950 ,7.768
832,20081023175950 ,7.243
833,20081023205950 ,5.629
834,20081023235950 ,5.43
835,20081024025950 ,7.629
836,20081024055950 ,8.22
837,20081024075240 ,7.617
838,20081024085950 ,10.249
839,20081024115950 ,8.001
840,20081024145950 ,8.454
841,20081024175950 ,7.564
842,20081024205950 ,6.144
843,20081024235950 ,6.564
844,20081025025950 ,7.979
845,20081025055950 ,9.32
846,20081025085950 ,9.276
847,20081025115950 ,8.364
848,20081025145950 ,8.811
849,20081025175950 ,6.832
850,20081025205950 ,6.495
851,20081025235950 ,7.331
852,20081026025950 ,8.574
853,20081026055950 ,8.894
854,20081026085950 ,7.919
855,20081026093230 ,6.066
856,20081026115950 ,9.405
857,20081026145950 ,9.48
858,20081026175950 ,8.814
859,20081026205950 ,7.29
860,20081026235950 ,7.602
861,20081027025950 ,9.563
862,20081027055950 ,9.449
863,20081027085950 ,9.613
864,20081027115950 ,10.185
865,20081027145950 ,9.881
866,20081027175950 ,9.111
867,20081027205950 ,7.302
868,20081027235950 ,7.897
869,20081028012930 ,9.885
870,20081028035950 ,9.885
871,20081028050835 ,11.04
872,20081028051355 ,10.967
873,20081028054045 ,8.644
874,20081028054345 ,8.644
875,20081028055440 ,8.605
876,20081028055950 ,8.897
877,20081028060220 ,8.897
878,20081028074520 ,10.012
879,20081028075535 ,12.313
880,20081028080000 ,12.313
881,20081028085950 ,12.426
882,20081028092345 ,6.617
883,20081028115950 ,9.766
884,20081028145950 ,9.69
885,20081028175950 ,9.591
886,20081028205950 ,7.532
887,20081028235950 ,7.833
888,20081029025950 ,9.758
889,20081029055950 ,10.217
890,20081029085950 ,10.599
891,20081029115950 ,10.07
892,20081029145950 ,10.445
893,20081029160325 ,10.204
894,20081030025950 ,9.541
895,20081030055950 ,10.501
896,20081030085950 ,10.501
897,20081030115950 ,10.372
898,20081030145950 ,10.624
899,20081030175950 ,9.924
900,20081030205950 ,8.199
901,20081030235950 ,8.199
902,20081031025950 ,8.199
903,20081031055950 ,8.199
904,20081031085950 ,8.199
905,20081031115950 ,9.944
906,20081031145950 ,10.261
907,20081031175950 ,10.16
908,20081031205950 ,8.859
909,20081031235950 ,9.621
910,20081101025950 ,11.203
911,20081101055950 ,11.634
912,20081101085950 ,12.235
913,20081101115950 ,13.072
914,20081101145950 ,13.039
915,20081101175950 ,12.05
916,20081101205950 ,12.642
917,20081101235950 ,13.502
918,20081102025950 ,15.011
919,20081102055950 ,15.537
920,20081102073355 ,15.217
921,20081102085950 ,15.223
922,20081102115950 ,16.116
923,20081102145950 ,15.741
924,20081102175950 ,15.609
925,20081102205950 ,14.339
926,20081102235950 ,15.426
927,20081103025950 ,16.447
928,20081103055950 ,16.623
929,20081103085950 ,17.038
930,20081103115950 ,16.854
931,20081103145950 ,16.969
932,20081103172940 ,16.582
933,20081104025950 ,17.116
934,20081104055950 ,16.57
935,20081104085950 ,16.921
936,20081104115950 ,17.464
937,20081104145950 ,16.804
938,20081104175950 ,16.954
939,20081104205950 ,15.566
940,20081104235950 ,16.971
941,20081105025950 ,18.214
942,20081105055950 ,18.638
943,20081105085401 ,19.268
944,20081105115950 ,20.031
945,20081105145950 ,19.481
946,20081105175950 ,19.852
947,20081105205950 ,18.743
948,20081105235950 ,19.853
949,20081106025950 ,21.866
950,20081106055950 ,22.237
951,20081106085950 ,22.703
952,20081106115950 ,24.134
953,20081106145950 ,24.62
954,20081106175950 ,25.205
955,20081106205950 ,24.254
956,20081106235950 ,25.573
957,20081106235950 ,25.573
958,20081107025950 ,26.938
959,20081107055950 ,26.877
960,20081107070250 ,28.036
961,20081107085950 ,25.988
962,20081107091101 ,25.659
963,20081107115950 ,28.26
964,20081107145950 ,27.167
965,20081107175950 ,26.967
966,20081107205950 ,25.431
967,20081107235950 ,26.839
968,20081108025950 ,27.718
969,20081108055950 ,27.278
970,20081108085950 ,27.438
971,20081108115950 ,29.663
972,20081108145950 ,27.849
973,20081108175950 ,27.517
974,20081108205950 ,25.668
975,20081108235950 ,27.411
976,20081109025950 ,28.18
977,20081109055950 ,28.05
978,20081109085950 ,28.049
979,20081109115950 ,29.646
980,20081109145950 ,28.18
981,20081109175950 ,27.628
982,20081109205950 ,26.634
983,20081109235950 ,27.987
984,20081110025950 ,28.537
985,20081110055950 ,28.104
986,20081111025950 ,28.104
987,20081111055950 ,28.104
988,20081111085950 ,28.104
989,20081111115950 ,28.104
990,20081111145950 ,28.104
991,20081111175950 ,28.104
992,20081111205950 ,28.104
993,20081111232325 ,28.104
994,20081111235950 ,28.104
995,20081112025955 ,30.148
996,20081112055950 ,29.993
997,20081112085950 ,29.978
998,20081112115950 ,31.707
999,20081112145950 ,30.007
1000,20081112175950 ,29.112
1001,20081112205950 ,28.677
1002,20081112235950 ,29.863
1003,20081113025950 ,30.253
1004,20081113055950 ,30.557
1005,20081113085950 ,30.225
1006,20081113115950 ,32.137
1007,20081113145950 ,30.211
1008,20081113175950 ,29.998
1009,20081113205950 ,29.54
1010,20081113235950 ,31.012
1011,20081114025950 ,30.592
1012,20081114055950 ,30.852
1013,20081114085950 ,30.63
1014,20081114115950 ,31.999
1015,20081114175950 ,30.303
1016,20081114215535 ,31.847
1017,20081115055950 ,31.422
1018,20081115085950 ,31.825
1019,20081115115950 ,32.243
1020,20081115145950 ,31.234
1021,20081115175950 ,30.857
1022,20081115205950 ,29.945
1023,20081115235950 ,31.563
1024,20081116025950 ,31.64
1025,20081116055950 ,31.641
1026,20081116085950 ,31.717
1027,20081116115950 ,32.503
1028,20081116145950 ,31.663
1029,20081116175950 ,30.868
1030,20081116205950 ,30.272
1031,20081116235950 ,31.828
1032,20081117023535 ,31.912
1033,20081117041820 ,31.912
1034,20081118085950 ,37.335
1035,20081118115950 ,33.929
1036,20081119115950 ,32.03
1037,20081119145950 ,32.294
1038,20081119175950 ,31.732
1039,20081119205950 ,31.153
1040,20081119235950 ,32.664
1041,20081120025950 ,32.794
1042,20081120055950 ,33.896
1043,20081120084510 ,32.855
1044,20081120085950 ,35.613
1045,20081120115950 ,34.478
1046,20081120145950 ,32.795
1047,20081120175950 ,31.538
1048,20081120205950 ,31.364
1049,20081120235950 ,32.776
1050,20081121025950 ,32.994
1051,20081121055950 ,33.44
1052,20081121085950 ,33.526
1053,20081121115950 ,34.443
1054,20081121145950 ,33.002
1055,20081121175950 ,31.969
1056,20081121205950 ,31.669
1057,20081121235950 ,33.015
1058,20081122025950 ,33.258
1059,20081122030350 ,35.808
1060,20081122055950 ,33.155
1061,20081122085950 ,33.131
1062,20081122115950 ,33.628
1063,20081122145950 ,32.889
1064,20081122175950 ,32.158
1065,20081122205950 ,32.122
1066,20081122235950 ,33.219
1067,20081123025950 ,33.945
1068,20081123051550 ,32.612
1069,20081123055950 ,35.712
1070,20081123085950 ,33.493
1071,20081123115950 ,33.998
1072,20081123145950 ,33.023
1073,20081123175950 ,32.263
1074,20081123205950 ,32.025
1075,20081123235950 ,33.352
1076,20081124025950 ,33.801
1077,20081124034120 ,32.992
1078,20081124055950 ,33.387
1079,20081124085950 ,33.01
1080,20081124100530 ,32.375
1081,20081124105801 ,32.375
1082,20081125145950 ,34.495
1083,20081125175950 ,32.536
1084,20081125205950 ,32.421
1085,20081125235950 ,33.577
1086,20081126025950 ,34.046
1087,20081126050940 ,32.541
1088,20081126052340 ,33.569
1089,20081126055950 ,34.423
1090,20081126085950 ,33.218
1091,20081126092950 ,32.174
1092,20081206055950 ,34.882
1093,20081206085950 ,34.924
1094,20081206115950 ,36.655
1095,20081206145950 ,34.679
1096,20081206175950 ,33.793
1097,20081206205950 ,34.144
1098,20081206235950 ,36.026
1099,20081207025950 ,35.766
1100,20081207045301 ,35.876
1101,20081207055950 ,37.574
1102,20081207085950 ,35.659
1103,20081207115950 ,37.124
1104,20081207145950 ,35.901
1105,20081207175950 ,33.936
1106,20081207205950 ,34.233
1107,20081207235950 ,36.437
1108,20081208025950 ,36.281
1109,20081208055635 ,35.731
1110,20081208055950 ,35.731
1111,20081208085950 ,36.514
1112,20081208115950 ,37.149
1113,20081208145950 ,35.617
1114,20081208175950 ,34.333
1115,20081208205950 ,34.893
1116,20081208235950 ,37.29
1117,20081209025950 ,36.248
1118,20081209055950 ,36.493
1119,20081209085950 ,36.875
1120,20081209115950 ,37.648
1121,20081209145950 ,35.729
1122,20081209175950 ,34.722
1123,20081209205950 ,34.759
1124,20081209235950 ,37.554
1125,20081210025950 ,36.635
1126,20081210042355 ,37.188
1127,20081210085950 ,36.521
1128,20081210104345 ,37.652
1129,20081211025950 ,36.133
1130,20081211042540 ,35.941
1131,20081211052010 ,37.753
1132,20081211085950 ,44.272
1133,20081211115950 ,37.439
1134,20081211145950 ,35.891
1135,20081211175950 ,34.65
1136,20081211205950 ,35.262
1137,20081211235950 ,37.336
1138,20081212025950 ,36.417
1139,20081212042210 ,37.003
1140,20081212055950 ,36.646
1141,20081212085950 ,37.026
1142,20081212115950 ,37.132
1143,20081212145950 ,36.001
1144,20081212175950 ,34.545
1145,20081212194755 ,35.659
1146,20081212235950 ,37.07
1147,20081213025950 ,40.637
1148,20081213040445 ,38.693
1149,20081213055950 ,38.07
1150,20081213082000 ,39.482
1151,20081214115950 ,35.985
1152,20081214145950 ,35.79
1153,20081214175950 ,34.645
1154,20081214205950 ,35.317
1155,20081214235950 ,37.433
1156,20081215055950 ,36.574
1157,20081215074400 ,37.163
1158,20081216055950 ,36.625
1159,20081216062630 ,35.004
1160,20081216085950 ,35.004
1161,20081216115945 ,35.004
1162,20081216145945 ,35.004
1163,20081216175945 ,35.004
1164,20081216205945 ,35.004
1165,20081216235945 ,35.004
1166,20081217055945 ,35.004
1167,20081217085945 ,35.004
1168,20081217115945 ,35.004
1169,20081217145945 ,35.004
1170,20081217175945 ,35.004
1171,20081217205945 ,35.004
1172,20081217235945 ,35.004
1173,20081218025950 ,35.107
1174,20081218055950 ,36.654
1175,20081218085950 ,36.869
1176,20081218115950 ,37.2
1177,20081218145950 ,36.171
1178,20081218175950 ,35.13
1179,20081218205950 ,35.577
1180,20081218235950 ,36.826
1181,20081219025950 ,36.265
1182,20081219055950 ,36.652
1183,20081219085950 ,37.189
1184,20081219115950 ,37.34
1185,20081219145950 ,35.78
1186,20081219175950 ,33.322
1187,20081219205950 ,35.933
1188,20081219235950 ,37.123
1189,20081220025950 ,36.33
1190,20081220030735 ,39.669
1191,20081220055950 ,36.471
1192,20081220085950 ,36.775
1193,20081220115950 ,36.853
1194,20081220145950 ,35.63
1195,20081220175950 ,33.625
1196,20081220205950 ,36.204
1197,20081220235950 ,37.121
1198,20081221025950 ,36.256
1199,20081221055950 ,36.636
1200,20081221085950 ,37.232
1201,20081221115950 ,37.271
1202,20081221145950 ,35.861
1203,20081221175950 ,34.852
1204,20081221205950 ,36.019
1205,20081221235950 ,37.313
1206,20081226115950 ,37.546
1207,20081226145950 ,35.579
1208,20081226175950 ,35.489
1209,20081226205950 ,36.181
1210,20081226220101 ,37.155
1211,20081227025950 ,36.673
1212,20081227055950 ,35.092
1213,20081227085950 ,38.114
1214,20081227092350 ,38.474
1215,20081228025950 ,38.4
1216,20081228055950 ,36.648
1217,20081228071945 ,36.648
1218,20090113025950 ,36.648
1219,20090113085950 ,39.757
1220,20090113115950 ,38.116
1221,20090113145950 ,36.591
1222,20090113175950 ,36.183
1223,20090113205950 ,37.824
1224,20090113235950 ,38.894
1225,20090114024601 ,38.093
1226,20090114055950 ,37.316
1227,20090114085950 ,39.122
1228,20090114115950 ,38.112
1229,20090114145950 ,36.255
1230,20090114175950 ,36.298
1231,20090114205950 ,37.377
1232,20090114235950 ,38.746
1233,20090115025950 ,38.561
1234,20090115055950 ,37.471
1235,20090115085950 ,38.956
1236,20090115115950 ,38.049
1237,20090115145950 ,36.335
1238,20090115175950 ,36.038
1239,20090115205950 ,37.809
1240,20090115235950 ,38.924
1241,20090116025950 ,38.758
1242,20090116055950 ,36.736
1243,20090116085950 ,39.045
1244,20090116115950 ,37.952
1245,20090116145950 ,36.197
1246,20090116175950 ,35.988
1247,20090116205950 ,37.82
1248,20090116235950 ,38.875
1249,20090117025950 ,38.786
1250,20090117055950 ,36.728
1251,20090117085950 ,40.13
1252,20090117115950 ,37.841
1253,20090117123945 ,37.841
1254,20090118025950 ,39.051
1255,20090118055950 ,37.049
1256,20090118085950 ,38.464
1257,20090118115950 ,37.826
1258,20090118145950 ,36.145
1259,20090118175950 ,36.074
1260,20090118205950 ,37.562
1261,20090118235950 ,38.611
1262,20090119025950 ,38.347
1263,20090119055950 ,37.109
1264,20090119085950 ,39.253
1265,20090119115950 ,37.866
1266,20090119145950 ,36.286
1267,20090119175950 ,35.964
1268,20090119205950 ,37.878
1269,20090119235950 ,38.774
1270,20090120025950 ,38.341
1271,20090120055950 ,36.861
1272,20090120085950 ,39.155
1273,20090120115950 ,38.137
1274,20090120145950 ,36.25
1275,20090120171401 ,37.048
1276,20090121054615 ,34.926
1277,20090121055950 ,46.098
1278,20090121085950 ,39.415
1279,20090121115950 ,37.969
1280,20090121145950 ,36.106
1281,20090121175950 ,36.172
1282,20090121205950 ,37.847
1283,20090121235950 ,38.572
1284,20090122025950 ,38.088
1285,20090122055950 ,36.976
1286,20090122085950 ,38.854
1287,20090122115950 ,37.92
1288,20090122145950 ,36.145
1289,20090122175950 ,36.396
1290,20090122205950 ,38.193
1291,20090122235950 ,38.571
1292,20090123025950 ,38.218
1293,20090123055950 ,37.427
1294,20090123085950 ,38.981
1295,20090123115950 ,37.929
1296,20090123145950 ,36.026
1297,20090123175950 ,36.573
1298,20090123205950 ,38.465
1299,20090123235950 ,38.655
1300,20090124025950 ,38.218
1301,20090124055950 ,37.233
1302,20090124085950 ,38.624
1303,20090124115950 ,38.151
1304,20090124145950 ,35.879
1305,20090124175950 ,36.64
1306,20090124205950 ,38.43
1307,20090124235950 ,38.778
1308,20090125025950 ,37.787
1309,20090125055950 ,38.116
1310,20090125085950 ,39.157
1311,20090125115950 ,38.139
1312,20090125145950 ,35.793
1313,20090125175950 ,36.695
1314,20090125205950 ,38.581
1315,20090125235950 ,39.109
1316,20090126025950 ,37.228
1317,20090126055950 ,37.93
1318,20090126085950 ,39.018
1319,20090126115950 ,38.199
1320,20090126145950 ,36.057
1321,20090126175950 ,36.772
1322,20090126205950 ,38.614
1323,20090126235950 ,39.183
1324,20090127025950 ,37.447
1325,20090127045100 ,36.692
1326,20090127055950 ,36.927
1327,20090127085950 ,38.749
1328,20090127115950 ,37.517
1329,20090127145950 ,35.891
1330,20090127175950 ,36.949
1331,20090127205950 ,38.818
1332,20090127235950 ,39.117
1333,20090128025950 ,37.701
1334,20090128055950 ,37.995
1335,20090128085950 ,38.971
1336,20090128115950 ,37.629
1337,20090128145950 ,36.042
1338,20090128175950 ,37.014
1339,20090128205950 ,38.606
1340,20090128235950 ,38.8
1341,20090129025950 ,37.23
1342,20090129055950 ,36.976
1343,20090129085950 ,38.468
1344,20090129115950 ,37.322
1345,20090129145950 ,35.92
1346,20090129175950 ,37.228
1347,20090129205950 ,38.54
1348,20090129235950 ,38.833
1349,20090130025950 ,37.304
1350,20090130050105 ,36.268
1351,20090130055950 ,37.003
1352,20090130085950 ,37.617
1353,20090130115950 ,36.949
1354,20090130145950 ,35.633
1355,20090130175950 ,37.274
1356,20090130205950 ,38.849
1357,20090130235950 ,38.677
1358,20090131025950 ,37.327
1359,20090131055950 ,37.178
1360,20090131085950 ,37.04
1361,20090131115950 ,36.957
1362,20090131145950 ,35.937
1363,20090131175950 ,37.248
1364,20090131205950 ,38.227
1365,20090131235950 ,38.261
1366,20090201025740 ,36.407
1367,20090206055950 ,35.156
1368,20090206085950 ,35.668
1369,20090206115950 ,36.157
1370,20090206145950 ,35.716
1371,20090206175950 ,35.906
1372,20090206205950 ,35.906
1373,20090206233125 ,35.906
1374,20090206235950 ,35.906
1375,20090207025955 ,36.773
1376,20090207055950 ,38.606
1377,20090207085950 ,37.392
1378,20090207115950 ,36.363
1379,20090207145950 ,35.997
1380,20090207175950 ,37.088
1381,20090207205950 ,38.094
1382,20090207235950 ,38.041
1383,20090208025950 ,37.186
1384,20090208055950 ,38.609
1385,20090208085950 ,37.208
1386,20090208115950 ,36.212
1387,20090208145950 ,35.942
1388,20090208175950 ,37.234
1389,20090208205950 ,38.039
1390,20090208235950 ,38.17
1391,20090209025950 ,37.186
1392,20090209055950 ,38.852
1393,20090209085950 ,37.086
1394,20090209115950 ,36.399
1395,20090209145950 ,36.005
1396,20090209175950 ,37.46
1397,20090209205950 ,38.087
1398,20090209235950 ,38.065
1399,20090210025950 ,37.031
1400,20090210055950 ,36.968
1401,20090210085950 ,36.664
1402,20090210115950 ,36.369
1403,20090210145950 ,35.683
1404,20090210175950 ,37.383
1405,20090210205950 ,38.36
1406,20090210235950 ,38.527
1407,20090211025950 ,36.739
1408,20090211055950 ,37.85
1409,20090211085950 ,36.887
1410,20090211115950 ,36.035
1411,20090211145950 ,35.605
1412,20090211175950 ,37.169
1413,20090211205950 ,37.549
1414,20090211235950 ,38.704
1415,20090212025950 ,36.637
1416,20090212055950 ,37.105
1417,20090212085950 ,36.261
1418,20090212115950 ,34.969
1419,20090212145950 ,35.069
1420,20090212175950 ,36.534
1421,20090212205950 ,37.853
1422,20090212235950 ,38.488
1423,20090213025950 ,36.563
1424,20090213055950 ,36.79
1425,20090213084310 ,36.752
1426,20090213085950 ,37.665
1427,20090213115950 ,35.634
1428,20090213145950 ,35.758
1429,20090213175950 ,37.424
1430,20090213205950 ,37.914
1431,20090213235950 ,37.976
1432,20090214025950 ,36.633
1433,20090214055950 ,38.201
1434,20090214085950 ,37.056
1435,20090214115950 ,35.903
1436,20090214145950 ,35.529
1437,20090214175950 ,37.325
1438,20090214205950 ,38.17
1439,20090214235950 ,37.99
1440,20090215025950 ,36.671
1441,20090215055950 ,38.546
1442,20090215085950 ,37.848
1443,20090215115950 ,36.384
1444,20090215145950 ,35.972
1445,20090215175950 ,37.517
1446,20090215205950 ,38.383
1447,20090215235950 ,38.044
1448,20090216025950 ,37.567
1449,20090216055950 ,38.338
1450,20090216085950 ,38.01
1451,20090216115950 ,36.389
1452,20090216145950 ,35.53
