*  2016  8 16 10 45  0.00000000                                                 
G14  16687.643420 -12247.092346 -16288.201036       
G13 -12561.283367  23101.321035   3911.534189 
G20  10338.961864  21139.725738  12133.247989       
G18  21007.170877  15675.091235  -4476.512641       
G16   6933.133437 -13701.337077  21503.345495       
G19 -17088.442852  11809.144816 -17001.339524       
G23  -3377.338525 -22724.739652  13141.081704       
G02 -18383.610611  14680.426996  12394.098497       
G31  25195.487680  -8129.339045   3997.097678       
G17 -15782.729496   2755.591434 -20814.867229       
G12   8491.713833  22163.116280 -12270.247613       
G15  -2345.722271  25900.669659  -4488.676834       
G29   6531.330980  18284.508023  18136.885658       
G07 -19196.554339  -7791.872521  17006.522785       
G05  -6611.184967  14785.296123  20947.788805       
G25  17807.899145  19815.160347  -1248.993958       
G01  -2696.091365 -14931.524996 -21886.735365       
G24  -1016.081120  16027.617650 -21185.906958       
G27  12173.180052 -21964.236314   8337.426915       
G06 -25784.599682   6381.483423    -41.098247
R14 -22761.058543  -7526.230936   8818.908929       
R15 -24782.951222  -1172.230973  -5710.214833       
R19 -15892.547289  19931.130316    878.509283       
R20  -4649.196534  18132.341807  17353.222575       
R01   3856.545043 -15688.802504 -19737.260289       
R06   7990.959820  23957.551655   3697.034822       
R05  -3273.401329  16429.703626  19231.464236       
R04 -11751.933328   -235.203460  22656.862089       
R21   8863.780534   6117.491950  23116.855925  